n = 20;
x =  3.49999999999999999995E-0001;
Sum =  6.0297274012595485E+000;
